#Assignment Operator
num1 <- 5
num1 <<- 10
15 -> num2
20 ->> num2
