#Logical Values

13 < 3
12 == 12
12 != 10
20 > 19

#using variables to compare values
x <- 20
y <- 10
x < y
x > y
x == y

